45,45,136,193,195,38,215,184,53,250,57,67,14,61,254,149,0,
111,26,95,88,246,122,237,29,203,86,196,63,160,247,60,221,1

203,184,59,108,108,165,245,212,84,8,204,192,166,195,72,11,0,
137,143,236,245,89,249,207,113,170,164,49,188,8,9,138,67,1

249,181,196,126,226,223,25,107,122,183,219,173,89,172,110,108,0,
187,130,19,231,215,131,35,206,132,27,38,209,247,102,172,36,1

93,128,27,201,37,238,194,186,238,20,255,207,194,156,221,33,1,
31,183,204,80,16,178,248,31,16,184,2,179,108,86,31,105,0

122,189,95,115,199,216,242,81,243,236,156,63,73,94,187,37,1,
56,138,136,234,242,132,200,244,13,64,97,67,231,148,121,109,0

137,39,155,43,185,95,69,164,218,249,7,85,247,101,87,182,0,
203,16,76,178,140,3,127,1,36,85,250,41,89,175,149,254,1

176,101,208,76,43,27,8,80,231,164,41,95,31,207,114,245,0,
242,82,7,213,30,71,50,245,25,8,212,35,177,5,176,189,1

246,60,14,123,11,110,35,185,70,183,102,177,114,174,139,148,1,
180,11,217,226,62,50,25,28,184,27,155,205,220,100,73,220,0

16,43,136,131,226,42,182,98,69,232,41,19,89,169,70,254,0,
82,28,95,26,215,118,140,199,187,68,212,111,247,99,132,182,1

189,58,234,79,237,5,240,120,190,79,229,214,149,181,110,109,0,
255,13,61,214,216,89,202,221,64,227,24,170,59,127,172,37,1

189,17,135,32,180,214,191,245,238,103,138,183,10,147,134,125,0,
255,38,80,185,129,138,133,80,16,203,119,203,164,89,68,53,1

34,57,220,230,167,203,164,42,49,72,102,252,95,247,188,45,1,
96,14,11,127,146,151,158,143,207,228,155,128,241,61,126,101,0

13,218,46,70,172,107,194,26,44,105,27,104,246,79,218,14,1,
79,237,249,223,153,55,248,191,210,197,230,20,88,133,24,70,0

221,121,113,227,253,244,245,208,186,229,87,43,130,202,253,237,1,
159,78,166,122,200,168,207,117,68,73,170,87,44,0,63,165,0

135,79,16,91,87,165,40,214,201,11,189,11,217,220,213,192,1,
197,120,199,194,98,249,18,115,55,167,64,119,119,22,23,136,0

186,11,78,50,161,44,236,150,45,208,207,71,254,69,116,170,1,
248,60,153,171,148,112,214,51,211,124,50,59,80,143,182,226,0

217,89,215,125,240,101,132,119,163,244,90,105,225,49,24,138,0,
155,110,0,228,197,57,190,210,93,88,167,21,79,251,218,194,1

131,238,222,115,39,151,49,234,43,175,51,76,48,11,194,56,1,
193,217,9,234,18,203,11,79,213,3,206,48,158,193,0,112,0

15,49,167,235,214,180,30,104,92,101,213,200,174,180,47,96,1,
77,6,112,114,227,232,36,205,162,201,40,180,0,126,237,40,0

247,187,40,180,196,154,217,64,56,100,9,226,162,112,246,148,0,
181,140,255,45,241,198,227,229,198,200,244,158,12,186,52,220,1

140,109,161,105,147,34,172,214,47,194,132,134,1,49,48,72,0,
206,90,118,240,166,126,150,115,209,110,121,250,175,251,242,0,1

199,167,9,131,129,34,12,38,108,160,175,15,131,191,202,167,0,
133,144,222,26,180,126,54,131,146,12,82,115,45,117,8,239,1

30,195,123,118,146,157,55,63,203,79,60,165,110,30,19,248,1,
92,244,172,239,167,193,13,154,53,227,193,217,192,212,209,176,0

94,69,17,184,73,106,252,138,40,171,92,54,144,106,106,37,1,
28,114,198,33,124,54,198,47,214,7,161,74,62,160,168,109,0

104,112,199,35,62,117,135,29,129,174,108,119,22,68,142,191,1,
42,71,16,186,11,41,189,184,127,2,145,11,184,142,76,247,0

159,172,171,184,224,157,26,81,48,239,224,185,72,190,95,105,1,
221,155,124,33,213,193,32,244,206,67,29,197,230,116,157,33,0

31,98,16,222,112,51,153,17,251,143,119,194,36,228,23,97,0,
93,85,199,71,69,111,163,180,5,35,138,190,138,46,213,41,1

103,46,207,179,223,43,98,154,215,238,18,44,165,155,16,78,0,
37,25,24,42,234,119,88,63,41,66,239,80,11,81,210,6,1

170,33,5,150,132,208,95,55,204,197,26,227,114,127,115,4,0,
232,22,210,15,177,140,101,146,50,105,231,159,220,181,177,76,1

242,138,249,80,126,174,117,9,115,159,254,184,106,111,122,69,1,
176,189,46,201,75,242,79,172,141,51,3,196,196,165,184,13,0

42,199,191,106,36,39,87,60,47,16,56,188,84,180,43,228,0,
104,240,104,243,17,123,109,153,209,188,197,192,250,126,233,172,1

16,29,174,75,23,114,111,230,141,44,129,141,43,13,186,60,1,
82,42,121,210,34,46,85,67,115,128,124,241,133,199,120,116,0

149,181,181,229,194,30,116,208,50,140,211,123,21,163,95,107,0,
215,130,98,124,247,66,78,117,204,32,46,7,187,105,157,35,1

48,239,223,37,41,63,236,207,187,122,182,216,183,230,224,161,1,
114,216,8,188,28,99,214,106,69,214,75,164,25,44,34,233,0

234,77,155,240,171,70,169,189,59,73,19,228,121,174,140,221,1,
168,122,76,105,158,26,147,24,197,229,238,152,215,100,78,149,0

35,116,189,114,114,207,222,57,129,223,153,63,236,83,212,58,0,
97,67,106,235,71,147,228,156,127,115,100,67,66,153,22,114,1

222,209,250,6,208,105,185,4,75,73,164,55,108,248,109,107,1,
156,230,45,159,229,53,131,161,181,229,89,75,194,50,175,35,0

25,40,43,14,51,245,75,253,133,224,43,138,19,103,106,59,1,
91,31,252,151,6,169,113,88,123,76,214,246,189,173,168,115,0

9,210,187,205,20,26,142,234,147,7,85,216,117,186,203,187,0,
75,229,108,84,33,70,180,79,109,171,168,164,219,112,9,243,1

240,27,166,122,236,134,14,192,66,52,148,225,61,63,242,22,1,
178,44,113,227,217,218,52,101,188,152,105,157,147,245,48,94,0

62,137,141,119,127,120,230,188,172,82,143,66,213,60,25,54,1,
124,190,90,238,74,36,220,25,82,254,114,62,123,246,219,126,0

25,122,199,200,198,169,238,56,125,188,245,228,125,117,125,97,0,
91,77,16,81,243,245,212,157,131,16,8,152,211,191,191,41,1

234,87,41,18,12,49,4,61,235,0,129,182,247,47,15,222,0,
168,96,254,139,57,109,62,152,21,172,124,202,89,229,205,150,1

69,79,211,96,170,0,59,234,31,95,100,48,195,45,53,154,1,
7,120,4,249,159,92,1,79,225,243,153,76,109,231,247,210,0

106,197,43,58,173,190,200,232,36,65,250,166,241,240,237,136,0,
40,242,252,163,152,226,242,77,218,237,7,218,95,58,47,192,1

201,25,193,198,221,79,55,187,157,142,145,215,179,121,241,219,0,
139,46,22,95,232,19,13,30,99,34,108,171,29,179,51,147,1

15,165,125,28,101,218,205,35,128,142,225,11,23,14,228,190,1,
77,146,170,133,80,134,247,134,126,34,28,119,185,196,38,246,0

193,135,242,113,231,74,245,175,53,49,1,204,136,99,156,82,0,
131,176,37,232,210,22,207,10,203,157,252,176,38,169,94,26,1

35,34,233,222,17,32,113,209,83,114,55,217,116,101,232,33,0,
97,21,62,71,36,124,75,116,173,222,202,165,218,175,42,105,1

40,113,12,145,8,51,206,81,91,52,55,183,130,164,223,157,1,
106,70,219,8,61,111,244,244,165,152,202,203,44,110,29,213,0

62,114,248,77,106,65,253,16,51,86,61,253,7,67,173,186,0,
124,69,47,212,95,29,199,181,205,250,192,129,169,137,111,242,1

236,22,31,87,14,136,134,142,35,61,6,97,58,7,32,237,1,
174,33,200,206,59,212,188,43,221,145,251,29,148,205,226,165,0

2,114,19,219,41,110,229,210,116,186,236,169,139,148,177,146,1,
64,69,196,66,28,50,223,119,138,22,17,213,37,94,115,218,0

19,252,112,249,228,81,183,136,174,99,232,122,234,206,55,174,1,
81,203,167,96,209,13,141,45,80,207,21,6,68,4,245,230,0

62,19,229,81,24,161,161,134,206,230,196,129,121,148,239,196,1,
124,36,50,200,45,253,155,35,48,74,57,253,215,94,45,140,0

199,122,195,172,184,103,100,15,100,176,72,48,204,100,17,183,1,
133,77,20,53,141,59,94,170,154,28,181,76,98,174,211,255,0

35,205,17,158,83,156,75,84,254,179,62,207,203,208,235,131,0,
97,250,198,7,102,192,113,241,0,31,195,179,101,26,41,203,1

113,239,174,67,157,46,140,126,190,31,125,198,155,118,240,225,1,
51,216,121,218,168,114,182,219,64,179,128,186,53,188,50,169,0

235,6,233,34,86,129,248,60,247,221,45,73,127,3,100,78,0,
169,49,62,187,99,221,194,153,9,113,208,53,209,201,166,6,1

163,81,91,69,81,143,231,84,53,89,120,133,240,65,75,21,1,
225,102,140,220,100,211,221,241,203,245,133,249,94,139,137,93,0

1,55,240,255,191,191,146,210,34,147,75,29,142,210,19,223,0,
67,0,39,102,138,227,168,119,220,63,182,97,32,24,209,151,1

240,245,107,8,248,53,33,198,207,174,55,232,79,174,208,72,0,
178,194,188,145,205,105,27,99,49,2,202,148,225,100,18,0,1

155,24,108,105,249,55,127,167,182,245,89,68,151,196,235,54,0,
217,47,187,240,204,107,69,2,72,89,164,56,57,14,41,126,1

221,196,244,146,107,200,45,207,143,121,81,110,159,253,201,204,0,
159,243,35,11,94,148,23,106,113,213,172,18,49,55,11,132,1

28,114,198,33,124,54,198,47,214,7,161,74,62,160,168,109,0,
94,69,17,184,73,106,252,138,40,171,92,54,144,106,106,37,1

133,144,222,26,180,126,54,131,146,12,82,115,45,117,8,239,1,
199,167,9,131,129,34,12,38,108,160,175,15,131,191,202,167,0

206,90,118,240,166,126,150,115,209,110,121,250,175,251,242,0,1,
140,109,161,105,147,34,172,214,47,194,132,134,1,49,48,72,0

92,244,172,239,167,193,13,154,53,227,193,217,192,212,209,176,0,
30,195,123,118,146,157,55,63,203,79,60,165,110,30,19,248,1

254,214,111,136,117,87,252,50,44,182,48,158,157,57,240,153,1,
188,225,184,17,64,11,198,151,210,26,205,226,51,243,50,209,0

213,27,112,194,16,253,202,36,196,174,16,9,122,182,229,197,1,
151,44,167,91,37,161,240,129,58,2,237,117,212,124,39,141,0

82,42,121,210,34,46,85,67,115,128,124,241,133,199,120,116,0,
16,29,174,75,23,114,111,230,141,44,129,141,43,13,186,60,1

176,189,46,201,75,242,79,172,141,51,3,196,196,165,184,13,0,
242,138,249,80,126,174,117,9,115,159,254,184,106,111,122,69,1

232,22,210,15,177,140,101,146,50,105,231,159,220,181,177,76,1,
170,33,5,150,132,208,95,55,204,197,26,227,114,127,115,4,0

104,240,104,243,17,123,109,153,209,188,197,192,250,126,233,172,1,
42,199,191,106,36,39,87,60,47,16,56,188,84,180,43,228,0

213,154,37,126,202,78,243,114,161,4,162,27,145,153,27,224,1,
151,173,242,231,255,18,201,215,95,168,95,103,63,83,217,168,0

115,136,72,72,213,110,130,149,238,209,49,5,75,42,79,84,1,
49,191,159,209,224,50,184,48,16,125,204,121,229,224,141,28,0

33,92,212,151,139,78,80,210,131,165,172,199,132,57,112,33,0,
99,107,3,14,190,18,106,119,125,9,81,187,42,243,178,105,1

59,253,2,221,46,38,138,78,177,92,222,128,80,92,112,181,1,
121,202,213,68,27,122,176,235,79,240,35,252,254,150,178,253,0

37,25,24,42,234,119,88,63,41,66,239,80,11,81,210,6,1,
103,46,207,179,223,43,98,154,215,238,18,44,165,155,16,78,0

221,155,124,33,213,193,32,244,206,67,29,197,230,116,157,33,0,
159,172,171,184,224,157,26,81,48,239,224,185,72,190,95,105,1

42,71,16,186,11,41,189,184,127,2,145,11,184,142,76,247,0,
104,112,199,35,62,117,135,29,129,174,108,119,22,68,142,191,1

93,85,199,71,69,111,163,180,5,35,138,190,138,46,213,41,1,
31,98,16,222,112,51,153,17,251,143,119,194,36,228,23,97,0

30,50,143,150,116,63,85,156,249,249,194,73,50,225,124,156,0,
92,5,88,15,65,99,111,57,7,85,63,53,156,43,190,212,1

104,227,180,31,133,49,214,237,50,56,51,142,158,220,2,18,0,
42,212,99,134,176,109,236,72,204,148,206,242,48,22,192,90,1

181,140,255,45,241,198,227,229,198,200,244,158,12,186,52,220,1,
247,187,40,180,196,154,217,64,56,100,9,226,162,112,246,148,0

193,217,9,234,18,203,11,79,213,3,206,48,158,193,0,112,0,
131,238,222,115,39,151,49,234,43,175,51,76,48,11,194,56,1

155,110,0,228,197,57,190,210,93,88,167,21,79,251,218,194,1,
217,89,215,125,240,101,132,119,163,244,90,105,225,49,24,138,0

77,6,112,114,227,232,36,205,162,201,40,180,0,126,237,40,0,
15,49,167,235,214,180,30,104,92,101,213,200,174,180,47,96,1

17,53,87,220,202,33,251,239,64,242,166,206,208,25,115,119,0,
83,2,128,69,255,125,193,74,190,94,91,178,126,211,177,63,1

38,239,3,218,247,145,16,64,101,51,166,226,48,94,107,44,1,
100,216,212,67,194,205,42,229,155,159,91,158,158,148,169,100,0

198,59,226,19,71,184,245,8,93,186,97,73,216,80,245,219,0,
132,12,53,138,114,228,207,173,163,22,156,53,118,154,55,147,1

136,171,177,42,79,170,13,67,58,11,247,61,5,183,244,73,0,
202,156,102,179,122,246,55,230,196,167,10,65,171,125,54,1,1

122,254,147,3,14,221,222,88,191,234,56,199,129,170,27,193,1,
56,201,68,154,59,129,228,253,65,70,197,187,47,96,217,137,0

241,86,248,56,84,216,16,79,224,0,206,6,93,71,19,181,0,
179,97,47,161,97,132,42,234,30,172,51,122,243,141,209,253,1

133,77,20,53,141,59,94,170,154,28,181,76,98,174,211,255,0,
199,122,195,172,184,103,100,15,100,176,72,48,204,100,17,183,1

81,203,167,96,209,13,141,45,80,207,21,6,68,4,245,230,0,
19,252,112,249,228,81,183,136,174,99,232,122,234,206,55,174,1

64,69,196,66,28,50,223,119,138,22,17,213,37,94,115,218,0,
2,114,19,219,41,110,229,210,116,186,236,169,139,148,177,146,1

124,36,50,200,45,253,155,35,48,74,57,253,215,94,45,140,0,
62,19,229,81,24,161,161,134,206,230,196,129,121,148,239,196,1

95,164,59,39,36,60,98,87,206,16,57,65,241,224,39,131,1,
29,147,236,190,17,96,88,242,48,188,196,61,95,42,229,203,0

213,218,102,174,184,5,136,172,6,217,216,166,164,111,214,182,0,
151,237,177,55,141,89,178,9,248,117,37,218,10,165,20,254,1

159,243,35,11,94,148,23,106,113,213,172,18,49,55,11,132,1,
221,196,244,146,107,200,45,207,143,121,81,110,159,253,201,204,0

178,194,188,145,205,105,27,99,49,2,202,148,225,100,18,0,1,
240,245,107,8,248,53,33,198,207,174,55,232,79,174,208,72,0

67,0,39,102,138,227,168,119,220,63,182,97,32,24,209,151,1,
1,55,240,255,191,191,146,210,34,147,75,29,142,210,19,223,0

217,47,187,240,204,107,69,2,72,89,164,56,57,14,41,126,1,
155,24,108,105,249,55,127,167,182,245,89,68,151,196,235,54,0

164,101,150,237,153,114,7,19,109,66,129,145,25,75,66,55,0,
230,82,65,116,172,46,61,182,147,238,124,237,183,129,128,127,1

94,27,53,216,77,195,226,183,210,233,167,55,140,228,130,144,1,
28,44,226,65,120,159,216,18,44,69,90,75,34,46,64,216,0

75,185,2,23,86,108,104,253,107,107,147,8,97,231,196,68,0,
9,142,213,142,99,48,82,88,149,199,110,116,207,45,6,12,1

128,142,160,252,89,169,113,62,213,154,163,207,144,86,142,175,0,
194,185,119,101,108,245,75,155,43,54,94,179,62,156,76,231,1

225,102,140,220,100,211,221,241,203,245,133,249,94,139,137,93,0,
163,81,91,69,81,143,231,84,53,89,120,133,240,65,75,21,1

51,216,121,218,168,114,182,219,64,179,128,186,53,188,50,169,0,
113,239,174,67,157,46,140,126,190,31,125,198,155,118,240,225,1

97,250,198,7,102,192,113,241,0,31,195,179,101,26,41,203,1,
35,205,17,158,83,156,75,84,254,179,62,207,203,208,235,131,0

169,49,62,187,99,221,194,153,9,113,208,53,209,201,166,6,1,
235,6,233,34,86,129,248,60,247,221,45,73,127,3,100,78,0

86,18,206,240,179,17,136,146,80,22,238,75,170,139,30,35,0,
20,37,25,105,134,77,178,55,174,186,19,55,4,65,220,107,1

222,252,195,151,96,252,212,1,238,153,227,221,141,206,193,150,1,
156,203,20,14,85,160,238,164,16,53,30,161,35,4,3,222,0

174,33,200,206,59,212,188,43,221,145,251,29,148,205,226,165,0,
236,22,31,87,14,136,134,142,35,61,6,97,58,7,32,237,1

106,70,219,8,61,111,244,244,165,152,202,203,44,110,29,213,0,
40,113,12,145,8,51,206,81,91,52,55,183,130,164,223,157,1

97,21,62,71,36,124,75,116,173,222,202,165,218,175,42,105,1,
35,34,233,222,17,32,113,209,83,114,55,217,116,101,232,33,0

124,69,47,212,95,29,199,181,205,250,192,129,169,137,111,242,1,
62,114,248,77,106,65,253,16,51,86,61,253,7,67,173,186,0

245,246,21,70,181,187,24,154,73,139,89,239,120,128,32,155,1,
183,193,194,223,128,231,34,63,183,39,164,147,214,74,226,211,0

62,93,213,140,45,11,153,14,192,132,191,71,108,2,192,121,1,
124,106,2,21,24,87,163,171,62,40,66,59,194,200,2,49,0

91,224,3,2,108,84,166,239,3,220,29,126,232,216,109,146,1,
25,215,212,155,89,8,156,74,253,112,224,2,70,18,175,218,0

57,205,65,184,132,54,164,106,39,45,9,187,147,30,144,2,0,
123,250,150,33,177,106,158,207,217,129,244,199,61,212,82,74,1

240,82,160,52,1,65,207,7,165,182,182,80,116,41,229,215,0,
178,101,119,173,52,29,245,162,91,26,75,44,218,227,39,159,1

182,192,219,215,78,249,137,213,186,45,103,208,106,137,238,187,1,
244,247,12,78,123,165,179,112,68,129,154,172,196,67,44,243,0

107,222,116,107,7,156,163,46,65,62,44,5,132,126,12,18,1,
41,233,163,242,50,192,153,139,191,146,209,121,42,180,206,90,0

157,51,138,2,10,143,241,71,0,219,244,8,125,140,219,141,1,
223,4,93,155,63,211,203,226,254,119,9,116,211,70,25,197,0

178,44,113,227,217,218,52,101,188,152,105,157,147,245,48,94,0,
240,27,166,122,236,134,14,192,66,52,148,225,61,63,242,22,1

91,31,252,151,6,169,113,88,123,76,214,246,189,173,168,115,0,
25,40,43,14,51,245,75,253,133,224,43,138,19,103,106,59,1

156,230,45,159,229,53,131,161,181,229,89,75,194,50,175,35,0,
222,209,250,6,208,105,185,4,75,73,164,55,108,248,109,107,1

75,229,108,84,33,70,180,79,109,171,168,164,219,112,9,243,1,
9,210,187,205,20,26,142,234,147,7,85,216,117,186,203,187,0

201,154,2,189,110,59,36,190,137,29,217,176,203,139,122,101,1,
139,173,213,36,91,103,30,27,119,177,36,204,101,65,184,45,0

225,200,189,102,1,59,151,85,3,165,65,79,159,131,76,190,0,
163,255,106,255,52,103,173,240,253,9,188,51,49,73,142,246,1

131,176,37,232,210,22,207,10,203,157,252,176,38,169,94,26,1,
193,135,242,113,231,74,245,175,53,49,1,204,136,99,156,82,0

139,46,22,95,232,19,13,30,99,34,108,171,29,179,51,147,1,
201,25,193,198,221,79,55,187,157,142,145,215,179,121,241,219,0

40,242,252,163,152,226,242,77,218,237,7,218,95,58,47,192,1,
106,197,43,58,173,190,200,232,36,65,250,166,241,240,237,136,0

77,146,170,133,80,134,247,134,126,34,28,119,185,196,38,246,0,
15,165,125,28,101,218,205,35,128,142,225,11,23,14,228,190,1

168,194,52,199,7,41,140,131,193,63,236,165,225,1,198,98,1,
234,245,227,94,50,117,182,38,63,147,17,217,79,203,4,42,0

227,89,184,139,206,142,193,113,226,240,93,98,41,153,230,80,1,
161,110,111,18,251,210,251,212,28,92,160,30,135,83,36,24,0

163,18,155,181,86,158,71,159,37,250,223,116,99,160,103,82,1,
225,37,76,44,99,194,125,58,219,86,34,8,205,106,165,26,0

221,157,37,238,33,19,17,38,166,188,99,234,134,70,94,13,1,
159,170,242,119,20,79,43,131,88,16,158,150,40,140,156,69,0

7,120,4,249,159,92,1,79,225,243,153,76,109,231,247,210,0,
69,79,211,96,170,0,59,234,31,95,100,48,195,45,53,154,1

91,77,16,81,243,245,212,157,131,16,8,152,211,191,191,41,1,
25,122,199,200,198,169,238,56,125,188,245,228,125,117,125,97,0

124,190,90,238,74,36,220,25,82,254,114,62,123,246,219,126,0,
62,137,141,119,127,120,230,188,172,82,143,66,213,60,25,54,1

168,96,254,139,57,109,62,152,21,172,124,202,89,229,205,150,1,
234,87,41,18,12,49,4,61,235,0,129,182,247,47,15,222,0

153,150,181,110,130,24,169,84,13,232,73,237,206,214,214,7,1,
219,161,98,247,183,68,147,241,243,68,180,145,96,28,20,79,0

50,135,131,223,92,113,176,184,225,137,194,168,82,60,123,44,0,
112,176,84,70,105,45,138,29,31,37,63,212,252,246,185,100,1

97,67,106,235,71,147,228,156,127,115,100,67,66,153,22,114,1,
35,116,189,114,114,207,222,57,129,223,153,63,236,83,212,58,0

114,216,8,188,28,99,214,106,69,214,75,164,25,44,34,233,0,
48,239,223,37,41,63,236,207,187,122,182,216,183,230,224,161,1

215,130,98,124,247,66,78,117,204,32,46,7,187,105,157,35,1,
149,181,181,229,194,30,116,208,50,140,211,123,21,163,95,107,0

168,122,76,105,158,26,147,24,197,229,238,152,215,100,78,149,0,
234,77,155,240,171,70,169,189,59,73,19,228,121,174,140,221,1

169,239,115,134,47,208,212,52,72,96,116,146,160,126,210,173,1,
235,216,164,31,26,140,238,145,182,204,137,238,14,180,16,229,0

119,200,160,102,10,186,140,157,62,143,38,148,41,155,18,219,0,
53,255,119,255,63,230,182,56,192,35,219,232,135,81,208,147,1

43,222,17,154,70,176,34,7,77,181,126,109,212,236,223,19,0,
105,233,198,3,115,236,24,162,179,25,131,17,122,38,29,91,1

223,87,5,82,155,78,187,76,18,61,102,238,213,32,58,90,0,
157,96,210,203,174,18,129,233,236,145,155,146,123,234,248,18,1

245,172,244,153,249,6,194,5,251,216,165,126,35,215,183,227,1,
183,155,35,0,204,90,248,160,5,116,88,2,141,29,117,171,0

90,31,71,11,117,168,112,228,42,239,153,12,154,68,173,3,0,
24,40,144,146,64,244,74,65,212,67,100,112,52,142,111,75,1

180,11,217,226,62,50,25,28,184,27,155,205,220,100,73,220,0,
246,60,14,123,11,110,35,185,70,183,102,177,114,174,139,148,1

203,16,76,178,140,3,127,1,36,85,250,41,89,175,149,254,1,
137,39,155,43,185,95,69,164,218,249,7,85,247,101,87,182,0

56,138,136,234,242,132,200,244,13,64,97,67,231,148,121,109,0,
122,189,95,115,199,216,242,81,243,236,156,63,73,94,187,37,1

242,82,7,213,30,71,50,245,25,8,212,35,177,5,176,189,1,
176,101,208,76,43,27,8,80,231,164,41,95,31,207,114,245,0

235,37,200,135,236,116,77,40,171,217,36,195,3,73,7,10,0,
169,18,31,30,217,40,119,141,85,117,217,191,173,131,197,66,1

0,199,19,121,223,62,217,127,151,98,178,32,150,144,192,75,0,
66,240,196,224,234,98,227,218,105,206,79,92,56,90,2,3,1

248,60,153,171,148,112,214,51,211,124,50,59,80,143,182,226,0,
186,11,78,50,161,44,236,150,45,208,207,71,254,69,116,170,1

159,78,166,122,200,168,207,117,68,73,170,87,44,0,63,165,0,
221,121,113,227,253,244,245,208,186,229,87,43,130,202,253,237,1

79,237,249,223,153,55,248,191,210,197,230,20,88,133,24,70,0,
13,218,46,70,172,107,194,26,44,105,27,104,246,79,218,14,1

197,120,199,194,98,249,18,115,55,167,64,119,119,22,23,136,0,
135,79,16,91,87,165,40,214,201,11,189,11,217,220,213,192,1

197,43,135,6,170,204,74,233,242,177,48,110,54,143,96,192,0,
135,28,80,159,159,144,112,76,12,29,205,18,152,69,162,136,1

205,102,53,74,16,170,33,85,43,85,175,131,115,107,185,206,1,
143,81,226,211,37,246,27,240,213,249,82,255,221,161,123,134,0

160,91,174,110,243,182,18,145,4,146,234,36,118,206,78,76,0,
226,108,121,247,198,234,40,52,250,62,23,88,216,4,140,4,1

187,69,55,129,235,191,137,227,198,160,226,113,138,195,173,30,0,
249,114,224,24,222,227,179,70,56,12,31,13,36,9,111,86,1

96,14,11,127,146,151,158,143,207,228,155,128,241,61,126,101,0,
34,57,220,230,167,203,164,42,49,72,102,252,95,247,188,45,1

255,13,61,214,216,89,202,221,64,227,24,170,59,127,172,37,1,
189,58,234,79,237,5,240,120,190,79,229,214,149,181,110,109,0

82,28,95,26,215,118,140,199,187,68,212,111,247,99,132,182,1,
16,43,136,131,226,42,182,98,69,232,41,19,89,169,70,254,0

255,38,80,185,129,138,133,80,16,203,119,203,164,89,68,53,1,
189,17,135,32,180,214,191,245,238,103,138,183,10,147,134,125,0

87,58,0,145,159,177,189,178,158,54,128,125,177,250,155,234,0,
21,13,215,8,170,237,135,23,96,154,125,1,31,48,89,162,1

226,0,144,119,233,1,191,139,202,206,70,16,227,30,0,105,1,
160,55,71,238,220,93,133,46,52,98,187,108,77,212,194,33,0

31,183,204,80,16,178,248,31,16,184,2,179,108,86,31,105,0,
93,128,27,201,37,238,194,186,238,20,255,207,194,156,221,33,1

137,143,236,245,89,249,207,113,170,164,49,188,8,9,138,67,1,
203,184,59,108,108,165,245,212,84,8,204,192,166,195,72,11,0

111,26,95,88,246,122,237,29,203,86,196,63,160,247,60,221,1,
45,45,136,193,195,38,215,184,53,250,57,67,14,61,254,149,0

187,130,19,231,215,131,35,206,132,27,38,209,247,102,172,36,1,
249,181,196,126,226,223,25,107,122,183,219,173,89,172,110,108,0

5,28,188,93,17,164,25,147,164,84,217,227,102,217,48,233,0,
71,43,107,196,36,248,35,54,90,248,36,159,200,19,242,161,1

158,231,38,101,255,33,104,12,147,125,21,175,157,243,44,212,0,
220,208,241,252,202,125,82,169,109,209,232,211,51,57,238,156,1

136,168,7,64,48,89,83,237,110,26,37,119,32,239,210,234,1,
202,159,208,217,5,5,105,72,144,182,216,11,142,37,16,162,0

99,5,201,170,29,163,101,208,171,124,157,105,33,67,51,134,0,
33,50,30,51,40,255,95,117,85,208,96,21,143,137,241,206,1

175,86,31,188,104,142,36,241,157,186,4,43,186,62,233,252,1,
237,97,200,37,93,210,30,84,99,22,249,87,20,244,43,180,0

109,85,27,82,72,37,13,116,80,108,160,145,210,74,183,33,1,
47,98,204,203,125,121,55,209,174,192,93,237,124,128,117,105,0

148,24,105,28,169,227,17,51,233,10,49,80,138,77,49,203,0,
214,47,190,133,156,191,43,150,23,166,204,44,36,135,243,131,1

17,255,188,237,191,58,33,97,88,177,36,167,37,134,160,109,0,
83,200,107,116,138,102,27,196,166,29,217,219,139,76,98,37,1

251,185,210,176,155,172,203,176,77,12,171,203,26,60,52,121,0,
185,142,5,41,174,240,241,21,179,160,86,183,180,246,246,49,1

154,85,255,230,243,194,181,251,132,68,51,174,175,193,40,246,0,
216,98,40,127,198,158,143,94,122,232,206,210,1,11,234,190,1

241,181,199,14,97,124,24,159,151,194,109,200,104,184,5,153,1,
179,130,16,151,84,32,34,58,105,110,144,180,198,114,199,209,0
