511 1037
2 64 64
1 1
1 1 21 198 INV
1 1 23 197 INV
2 1 198 197 202 AND
1 1 22 200 INV
1 1 20 199 INV
2 1 200 199 201 AND
2 1 202 201 210 AND
1 1 29 204 INV
1 1 31 203 INV
2 1 204 203 208 AND
1 1 30 206 INV
1 1 28 205 INV
2 1 206 205 207 AND
2 1 208 207 209 AND
2 1 210 209 226 AND
1 1 25 212 INV
1 1 27 211 INV
2 1 212 211 216 AND
1 1 26 214 INV
1 1 24 213 INV
2 1 214 213 215 AND
2 1 216 215 224 AND
1 1 17 218 INV
1 1 19 217 INV
2 1 218 217 222 AND
1 1 18 220 INV
1 1 16 219 INV
2 1 220 219 221 AND
2 1 222 221 223 AND
2 1 224 223 225 AND
2 1 226 225 258 AND
1 1 NaN 228 INV
1 1 NaN 227 INV
2 1 228 227 232 AND
1 1 NaN 230 INV
1 1 NaN 229 INV
2 1 230 229 231 AND
2 1 232 231 240 AND
1 1 NaN 234 INV
1 1 NaN 233 INV
2 1 234 233 238 AND
1 1 NaN 236 INV
1 1 NaN 235 INV
2 1 236 235 237 AND
2 1 238 237 239 AND
2 1 240 239 256 AND
1 1 NaN 242 INV
1 1 NaN 241 INV
2 1 242 241 246 AND
1 1 NaN 244 INV
1 1 NaN 243 INV
2 1 244 243 245 AND
2 1 246 245 254 AND
1 1 NaN 248 INV
1 1 NaN 247 INV
2 1 248 247 252 AND
1 1 NaN 250 INV
1 1 NaN 249 INV
2 1 250 249 251 AND
2 1 252 251 253 AND
2 1 254 253 255 AND
2 1 256 255 257 AND
2 1 258 257 322 AND
1 1 NaN 260 INV
1 1 NaN 259 INV
2 1 260 259 264 AND
1 1 NaN 262 INV
1 1 NaN 261 INV
2 1 262 261 263 AND
2 1 264 263 272 AND
1 1 NaN 266 INV
1 1 NaN 265 INV
2 1 266 265 270 AND
1 1 NaN 268 INV
1 1 NaN 267 INV
2 1 268 267 269 AND
2 1 270 269 271 AND
2 1 272 271 288 AND
1 1 NaN 274 INV
1 1 NaN 273 INV
2 1 274 273 278 AND
1 1 NaN 276 INV
1 1 NaN 275 INV
2 1 276 275 277 AND
2 1 278 277 286 AND
1 1 NaN 280 INV
1 1 NaN 279 INV
2 1 280 279 284 AND
1 1 NaN 282 INV
1 1 NaN 281 INV
2 1 282 281 283 AND
2 1 284 283 285 AND
2 1 286 285 287 AND
2 1 288 287 320 AND
1 1 5 290 INV
1 1 7 289 INV
2 1 290 289 294 AND
1 1 6 292 INV
1 1 4 291 INV
2 1 292 291 293 AND
2 1 294 293 302 AND
1 1 13 296 INV
1 1 15 295 INV
2 1 296 295 300 AND
1 1 14 298 INV
1 1 12 297 INV
2 1 298 297 299 AND
2 1 300 299 301 AND
2 1 302 301 318 AND
1 1 9 304 INV
1 1 11 303 INV
2 1 304 303 308 AND
1 1 10 306 INV
1 1 8 305 INV
2 1 306 305 307 AND
2 1 308 307 316 AND
1 1 1 310 INV
1 1 3 309 INV
2 1 310 309 314 AND
1 1 2 312 INV
1 1 0 311 INV
2 1 312 311 313 AND
2 1 314 313 315 AND
2 1 316 315 317 AND
2 1 318 317 319 AND
2 1 320 319 321 AND
2 1 322 321 128 AND
1 1 53 389 INV
1 1 55 388 INV
2 1 389 388 393 AND
1 1 54 391 INV
1 1 52 390 INV
2 1 391 390 392 AND
2 1 393 392 401 AND
1 1 61 395 INV
1 1 63 394 INV
2 1 395 394 399 AND
1 1 62 397 INV
1 1 60 396 INV
2 1 397 396 398 AND
2 1 399 398 400 AND
2 1 401 400 417 AND
1 1 57 403 INV
1 1 59 402 INV
2 1 403 402 407 AND
1 1 58 405 INV
1 1 56 404 INV
2 1 405 404 406 AND
2 1 407 406 415 AND
1 1 49 409 INV
1 1 51 408 INV
2 1 409 408 413 AND
1 1 50 411 INV
1 1 48 410 INV
2 1 411 410 412 AND
2 1 413 412 414 AND
2 1 415 414 416 AND
2 1 417 416 449 AND
1 1 NaN 419 INV
1 1 NaN 418 INV
2 1 419 418 423 AND
1 1 NaN 421 INV
1 1 NaN 420 INV
2 1 421 420 422 AND
2 1 423 422 431 AND
1 1 NaN 425 INV
1 1 NaN 424 INV
2 1 425 424 429 AND
1 1 NaN 427 INV
1 1 NaN 426 INV
2 1 427 426 428 AND
2 1 429 428 430 AND
2 1 431 430 447 AND
1 1 NaN 433 INV
1 1 NaN 432 INV
2 1 433 432 437 AND
1 1 NaN 435 INV
1 1 NaN 434 INV
2 1 435 434 436 AND
2 1 437 436 445 AND
1 1 NaN 439 INV
1 1 NaN 438 INV
2 1 439 438 443 AND
1 1 NaN 441 INV
1 1 NaN 440 INV
2 1 441 440 442 AND
2 1 443 442 444 AND
2 1 445 444 446 AND
2 1 447 446 448 AND
2 1 449 448 513 AND
1 1 NaN 451 INV
1 1 NaN 450 INV
2 1 451 450 455 AND
1 1 NaN 453 INV
1 1 NaN 452 INV
2 1 453 452 454 AND
2 1 455 454 463 AND
1 1 NaN 457 INV
1 1 NaN 456 INV
2 1 457 456 461 AND
1 1 NaN 459 INV
1 1 NaN 458 INV
2 1 459 458 460 AND
2 1 461 460 462 AND
2 1 463 462 479 AND
1 1 NaN 465 INV
1 1 NaN 464 INV
2 1 465 464 469 AND
1 1 NaN 467 INV
1 1 NaN 466 INV
2 1 467 466 468 AND
2 1 469 468 477 AND
1 1 NaN 471 INV
1 1 NaN 470 INV
2 1 471 470 475 AND
1 1 NaN 473 INV
1 1 NaN 472 INV
2 1 473 472 474 AND
2 1 475 474 476 AND
2 1 477 476 478 AND
2 1 479 478 511 AND
1 1 37 481 INV
1 1 39 480 INV
2 1 481 480 485 AND
1 1 38 483 INV
1 1 36 482 INV
2 1 483 482 484 AND
2 1 485 484 493 AND
1 1 45 487 INV
1 1 47 486 INV
2 1 487 486 491 AND
1 1 46 489 INV
1 1 44 488 INV
2 1 489 488 490 AND
2 1 491 490 492 AND
2 1 493 492 509 AND
1 1 41 495 INV
1 1 43 494 INV
2 1 495 494 499 AND
1 1 42 497 INV
1 1 40 496 INV
2 1 497 496 498 AND
2 1 499 498 507 AND
1 1 33 501 INV
1 1 35 500 INV
2 1 501 500 505 AND
1 1 34 503 INV
1 1 32 502 INV
2 1 503 502 504 AND
2 1 505 504 506 AND
2 1 507 506 508 AND
2 1 509 508 510 AND
2 1 511 510 512 AND
2 1 513 512 129 AND
1 1 85 580 INV
1 1 87 579 INV
2 1 580 579 584 AND
1 1 86 582 INV
1 1 84 581 INV
2 1 582 581 583 AND
2 1 584 583 592 AND
1 1 93 586 INV
1 1 95 585 INV
2 1 586 585 590 AND
1 1 94 588 INV
1 1 92 587 INV
2 1 588 587 589 AND
2 1 590 589 591 AND
2 1 592 591 608 AND
1 1 89 594 INV
1 1 91 593 INV
2 1 594 593 598 AND
1 1 90 596 INV
1 1 88 595 INV
2 1 596 595 597 AND
2 1 598 597 606 AND
1 1 81 600 INV
1 1 83 599 INV
2 1 600 599 604 AND
1 1 82 602 INV
1 1 80 601 INV
2 1 602 601 603 AND
2 1 604 603 605 AND
2 1 606 605 607 AND
2 1 608 607 640 AND
1 1 NaN 610 INV
1 1 NaN 609 INV
2 1 610 609 614 AND
1 1 NaN 612 INV
1 1 NaN 611 INV
2 1 612 611 613 AND
2 1 614 613 622 AND
1 1 NaN 616 INV
1 1 NaN 615 INV
2 1 616 615 620 AND
1 1 NaN 618 INV
1 1 NaN 617 INV
2 1 618 617 619 AND
2 1 620 619 621 AND
2 1 622 621 638 AND
1 1 NaN 624 INV
1 1 NaN 623 INV
2 1 624 623 628 AND
1 1 NaN 626 INV
1 1 NaN 625 INV
2 1 626 625 627 AND
2 1 628 627 636 AND
1 1 NaN 630 INV
1 1 NaN 629 INV
2 1 630 629 634 AND
1 1 NaN 632 INV
1 1 NaN 631 INV
2 1 632 631 633 AND
2 1 634 633 635 AND
2 1 636 635 637 AND
2 1 638 637 639 AND
2 1 640 639 704 AND
1 1 NaN 642 INV
1 1 NaN 641 INV
2 1 642 641 646 AND
1 1 NaN 644 INV
1 1 NaN 643 INV
2 1 644 643 645 AND
2 1 646 645 654 AND
1 1 NaN 648 INV
1 1 NaN 647 INV
2 1 648 647 652 AND
1 1 NaN 650 INV
1 1 NaN 649 INV
2 1 650 649 651 AND
2 1 652 651 653 AND
2 1 654 653 670 AND
1 1 NaN 656 INV
1 1 NaN 655 INV
2 1 656 655 660 AND
1 1 NaN 658 INV
1 1 NaN 657 INV
2 1 658 657 659 AND
2 1 660 659 668 AND
1 1 NaN 662 INV
1 1 NaN 661 INV
2 1 662 661 666 AND
1 1 NaN 664 INV
1 1 NaN 663 INV
2 1 664 663 665 AND
2 1 666 665 667 AND
2 1 668 667 669 AND
2 1 670 669 702 AND
1 1 69 672 INV
1 1 71 671 INV
2 1 672 671 676 AND
1 1 70 674 INV
1 1 68 673 INV
2 1 674 673 675 AND
2 1 676 675 684 AND
1 1 77 678 INV
1 1 79 677 INV
2 1 678 677 682 AND
1 1 78 680 INV
1 1 76 679 INV
2 1 680 679 681 AND
2 1 682 681 683 AND
2 1 684 683 700 AND
1 1 73 686 INV
1 1 75 685 INV
2 1 686 685 690 AND
1 1 74 688 INV
1 1 72 687 INV
2 1 688 687 689 AND
2 1 690 689 698 AND
1 1 65 692 INV
1 1 67 691 INV
2 1 692 691 696 AND
1 1 66 694 INV
1 1 64 693 INV
2 1 694 693 695 AND
2 1 696 695 697 AND
2 1 698 697 699 AND
2 1 700 699 701 AND
2 1 702 701 703 AND
2 1 704 703 130 AND
1 1 117 771 INV
1 1 119 770 INV
2 1 771 770 775 AND
1 1 118 773 INV
1 1 116 772 INV
2 1 773 772 774 AND
2 1 775 774 783 AND
1 1 125 777 INV
1 1 127 776 INV
2 1 777 776 781 AND
1 1 126 779 INV
1 1 124 778 INV
2 1 779 778 780 AND
2 1 781 780 782 AND
2 1 783 782 799 AND
1 1 121 785 INV
1 1 123 784 INV
2 1 785 784 789 AND
1 1 122 787 INV
1 1 120 786 INV
2 1 787 786 788 AND
2 1 789 788 797 AND
1 1 113 791 INV
1 1 115 790 INV
2 1 791 790 795 AND
1 1 114 793 INV
1 1 112 792 INV
2 1 793 792 794 AND
2 1 795 794 796 AND
2 1 797 796 798 AND
2 1 799 798 831 AND
1 1 NaN 801 INV
1 1 NaN 800 INV
2 1 801 800 805 AND
1 1 NaN 803 INV
1 1 NaN 802 INV
2 1 803 802 804 AND
2 1 805 804 813 AND
1 1 NaN 807 INV
1 1 NaN 806 INV
2 1 807 806 811 AND
1 1 NaN 809 INV
1 1 NaN 808 INV
2 1 809 808 810 AND
2 1 811 810 812 AND
2 1 813 812 829 AND
1 1 NaN 815 INV
1 1 NaN 814 INV
2 1 815 814 819 AND
1 1 NaN 817 INV
1 1 NaN 816 INV
2 1 817 816 818 AND
2 1 819 818 827 AND
1 1 NaN 821 INV
1 1 NaN 820 INV
2 1 821 820 825 AND
1 1 NaN 823 INV
1 1 NaN 822 INV
2 1 823 822 824 AND
2 1 825 824 826 AND
2 1 827 826 828 AND
2 1 829 828 830 AND
2 1 831 830 895 AND
1 1 NaN 833 INV
1 1 NaN 832 INV
2 1 833 832 837 AND
1 1 NaN 835 INV
1 1 NaN 834 INV
2 1 835 834 836 AND
2 1 837 836 845 AND
1 1 NaN 839 INV
1 1 NaN 838 INV
2 1 839 838 843 AND
1 1 NaN 841 INV
1 1 NaN 840 INV
2 1 841 840 842 AND
2 1 843 842 844 AND
2 1 845 844 861 AND
1 1 NaN 847 INV
1 1 NaN 846 INV
2 1 847 846 851 AND
1 1 NaN 849 INV
1 1 NaN 848 INV
2 1 849 848 850 AND
2 1 851 850 859 AND
1 1 NaN 853 INV
1 1 NaN 852 INV
2 1 853 852 857 AND
1 1 NaN 855 INV
1 1 NaN 854 INV
2 1 855 854 856 AND
2 1 857 856 858 AND
2 1 859 858 860 AND
2 1 861 860 893 AND
1 1 101 863 INV
1 1 103 862 INV
2 1 863 862 867 AND
1 1 102 865 INV
1 1 100 864 INV
2 1 865 864 866 AND
2 1 867 866 875 AND
1 1 109 869 INV
1 1 111 868 INV
2 1 869 868 873 AND
1 1 110 871 INV
1 1 108 870 INV
2 1 871 870 872 AND
2 1 873 872 874 AND
2 1 875 874 891 AND
1 1 105 877 INV
1 1 107 876 INV
2 1 877 876 881 AND
1 1 106 879 INV
1 1 104 878 INV
2 1 879 878 880 AND
2 1 881 880 889 AND
1 1 97 883 INV
1 1 99 882 INV
2 1 883 882 887 AND
1 1 98 885 INV
1 1 96 884 INV
2 1 885 884 886 AND
2 1 887 886 888 AND
2 1 889 888 890 AND
2 1 891 890 892 AND
2 1 893 892 894 AND
2 1 895 894 131 AND
2 1 1 2 901 AND
2 1 3 4 902 AND
2 1 901 902 1036 AND
